 # Nelup  #Nel  # Ion 
           4           8           3
 # Shell Det.   # Shell Jas. 
          25          11
 # Jas 2body  # Det   #  3 body atomic par.  
          -6         909          10
 # Det mat. =/0  # Jas mat. =/0  
           4          46
  # Eq. Det atomic par.  # Eq. 3 body atomic. par.
          72           7
 # unconstrained iesfree,iessw,ieskinr,I/O flag 
          46           4           9           0
 # Ion coordinates 
   6.00000000000000        8.00000000000000       -1.32695822781030     
 -0.105938530313010       1.878815223867000E-002
   1.00000000000000        1.01000000000000       -1.93166523974619     
   1.60017431689441      -2.171052298346000E-002
   1.00000000000000        1.01000000000000       0.486644278487140     
  7.959809139696000E-002  9.862478754380000E-003
 #  Constraints for forces: ion - coordinate
           1           1           1
           1           1           2
           1           1           3
           1           2           1
           1           2           2
           1           2           3
           1           3           1
           1           3           2
           1           3           3
 #          Parameters Jastrow two body
           1  0.932197503255022     
 #          Parameters atomic wf
           1          18         300
           1   54.7752160000000        25.6168010000000     
   11.9802450000000        6.99231700000000        2.62027700000000     
   1.22542900000000       0.577797000000000       0.268022000000000     
  0.125346000000000      -1.244000000000000E-003  1.073300000000000E-002
  1.889000000000000E-003 -0.174254000000000       1.762000000000000E-003
  0.316185000000000       0.451202000000000       0.312153000000000     
  5.111700000000000E-002
           1           1          16
           1   1.68663300000000     
           1           1          16
           1  0.237997000000000     
           3          18         400
           1   22.2172660000000        10.7475500000000     
   5.31578500000000        2.66076100000000        1.33181600000000     
  0.678626000000000       0.333673000000000       0.167017000000000     
  8.359800000000001E-002  1.048700000000000E-002  3.664300000000000E-002
  8.036699999999999E-002  0.162701000000000       0.237779000000000     
  0.281142000000000       0.264319000000000       0.146601000000000     
  4.581400000000000E-002
           3           1          36
           1  0.600621000000000     
           3           1          36
           1  0.184696000000000     
           5           1          37
           1   2.40427800000000     
           5           1          37
           1  0.669340000000000     
           7           1          48
           1   1.42310400000000     
           1          16         300
           2   23.8431850000000        10.2124430000000     
   4.37416400000000        1.87352900000000       0.802465000000000     
  0.343709000000000       0.147217000000000       6.305500000000000E-002
  4.115000000000000E-003  1.046400000000000E-002  2.801100000000000E-002
  7.588600000000000E-002  0.182106000000000       0.348521000000000     
  0.378231000000000       0.116424000000000     
           1           1          16
           2  9.179100000000000E-002
           1           1          16
           2  0.287637000000000     
           3           1          36
           2  0.393954000000000     
           3           1          36
           2   1.46269400000000     
           5           1          37
           2   1.06584100000000     
           1          16         300
           3   23.8431850000000        10.2124430000000     
   4.37416400000000        1.87352900000000       0.802465000000000     
  0.343709000000000       0.147217000000000       6.305500000000000E-002
  4.115000000000000E-003  1.046400000000000E-002  2.801100000000000E-002
  7.588600000000000E-002  0.182106000000000       0.348521000000000     
  0.378231000000000       0.116424000000000     
           1           1          16
           3  9.179100000000000E-002
           1           1          16
           3  0.287637000000000     
           3           1          36
           3  0.393954000000000     
           3           1          36
           3   1.46269400000000     
           5           1          37
           3   1.06584100000000     
           1         206     1000000
           1           1           2           3           4           5
           6           7           8           9          10          11
          12          13          14          15          16          17
          18          19          20          21          22          23
          24          25          26          27          28          29
          30          31          32          33          34          35
          36          37          38          39          40          41
          42          43          44          45          46          47
          48          49          50          51          52          53
          54          55          56          57          58          59
          60          61          62          63          64          65
          66          67          68          69          70          71
          72          73          74          75          76          77
          78          79          80          81          82          83
          84          85          86          87          88          89
          90          91          92          93          94          95
          96          97          98          99         100         101
         102         103 -1.065700000000000E-003  9.191700000000001E-003
  1.617650000000000E-003 -0.149230000000000       1.509140000000000E-003
  0.270779000000000       0.386408000000000       0.267327000000000     
  4.377620000000000E-002 -1.057080000000000E-002 -4.828610000000000E-002
  1.062450000000000E-003  1.725850000000000E-003 -4.499490000000000E-005
  3.712530000000000E-003  6.030650000000000E-003 -1.572260000000000E-004
  8.142409999999999E-003  1.322660000000000E-002 -3.448330000000000E-004
  1.648400000000000E-002  2.677670000000000E-002 -6.981010000000000E-004
  2.409050000000000E-002  3.913280000000000E-002 -1.020240000000000E-003
  2.848390000000000E-002  4.626930000000000E-002 -1.206300000000000E-003
  2.677940000000000E-002  4.350060000000000E-002 -1.134110000000000E-003
  1.485290000000000E-002  2.412710000000000E-002 -6.290230000000000E-004
  4.641690000000000E-003  7.539980000000000E-003 -1.965760000000000E-004
 -2.514350000000000E-003 -5.105530000000000E-003  1.315780000000000E-004
 -2.467320000000000E-002 -4.020870000000000E-002  1.048140000000000E-003
 -4.608400000000000E-003  1.896540000000000E-004 -5.535620000000000E-004
 -1.904020000000000E-004 -6.060230000000000E-006 -9.943080000000000E-003
  1.051390000000000E-003 -1.901770000000000E-003 -3.932840000000000E-004
  2.766710000000000E-006  6.985290000000000E-005 -7.057650000000000E-004
 -1.089030000000000E-003  4.044970000000000E-005  1.824680000000000E-005
  1.636760000000000E-003 -1.839630000000000E-004  1.576550000000000E-003
  4.009240000000000E-003  1.073190000000000E-002  2.907440000000000E-002
  6.977060000000000E-002  0.133529000000000       0.144912000000000     
  4.460570000000000E-002 -0.117751000000000      -0.135790000000000     
  5.898770000000000E-003 -4.595190000000000E-003  9.873729999999999E-005
  5.305680000000000E-003 -1.164230000000000E-002  2.735370000000000E-004
 -1.304310000000000E-003 -3.425630000000000E-004 -1.715490000000000E-003
 -5.986980000000000E-005  3.755550000000000E-005  1.545200000000000E-003
  3.929520000000000E-003  1.051850000000000E-002  2.849630000000000E-002
  6.838329999999999E-002  0.130874000000000       0.142031000000000     
  4.371880000000000E-002 -0.115281000000000      -0.132787000000000     
 -6.580510000000000E-003  3.387920000000000E-003 -6.744640000000001E-005
 -1.244590000000000E-002 -1.615590000000000E-004  3.391030000000000E-005
 -1.250330000000000E-003  1.440630000000000E-003 -8.548180000000000E-004
 -1.576870000000000E-005  1.232870000000000E-005
           1         206     1000000
           1           1           2           3           4           5
           6           7           8           9          10          11
          12          13          14          15          16          17
          18          19          20          21          22          23
          24          25          26          27          28          29
          30          31          32          33          34          35
          36          37          38          39          40          41
          42          43          44          45          46          47
          48          49          50          51          52          53
          54          55          56          57          58          59
          60          61          62          63          64          65
          66          67          68          69          70          71
          72          73          74          75          76          77
          78          79          80          81          82          83
          84          85          86          87          88          89
          90          91          92          93          94          95
          96          97          98          99         100         101
         102         103 -3.552720000000000E-006  3.064230000000000E-005
  5.392750000000000E-006 -4.974880000000000E-004  5.031020000000000E-006
  9.026960000000000E-004  1.288170000000000E-003  8.911870000000000E-004
  1.459360000000000E-004  1.309730000000000E-005  1.795460000000000E-003
  6.969200000000000E-003 -4.428420000000000E-003  9.212900000000000E-005
  2.435260000000000E-002 -1.547430000000000E-002  3.219280000000000E-004
  5.341070000000000E-002 -3.393860000000000E-002  7.060600000000000E-004
  0.108128000000000      -6.870750000000000E-002  1.429390000000000E-003
  0.158024000000000      -0.100412000000000       2.088980000000000E-003
  0.186842000000000      -0.118724000000000       2.469950000000000E-003
  0.175661000000000      -0.111620000000000       2.322150000000000E-003
  9.742850000000000E-002 -6.190870000000000E-002  1.287950000000000E-003
  3.044750000000000E-002 -1.934710000000000E-002  4.024990000000000E-004
 -4.973410000000000E-002  3.203910000000000E-002 -6.681840000000001E-004
 -8.703220000000000E-002  5.546130000000000E-002 -1.154390000000000E-003
  2.066710000000000E-005  9.772909999999999E-003  4.654210000000000E-003
  2.301270000000000E-004 -1.378630000000000E-004 -6.053390000000000E-005
  1.234550000000000E-002  5.836350000000000E-003  2.871460000000000E-004
 -1.734280000000000E-004 -6.198120000000000E-005 -1.938250000000000E-003
  1.217400000000000E-003 -2.224920000000000E-005 -7.115490000000000E-005
 -1.176950000000000E-004 -1.068280000000000E-003 -2.484980000000000E-003
 -6.319430000000000E-003 -1.691580000000000E-002 -4.582750000000000E-002
 -0.109974000000000      -0.210471000000000      -0.228413000000000     
 -7.030830000000000E-002  0.157931000000000       0.112555000000000     
  2.661870000000000E-003  1.870010000000000E-002 -4.661980000000000E-004
 -8.074530000000000E-004  1.605540000000000E-002 -3.928810000000000E-004
  3.095740000000000E-003  5.516110000000000E-003  1.417550000000000E-003
  2.642440000000000E-004 -3.523050000000000E-005  2.476580000000000E-003
  6.298060000000000E-003  1.685870000000000E-002  4.567260000000000E-002
  0.109602000000000       0.209760000000000       0.227641000000000     
  7.007060000000000E-002 -0.156697000000000      -0.111232000000000     
 -1.591310000000000E-002 -1.039820000000000E-002  2.939640000000000E-004
 -1.469540000000000E-002 -6.064130000000000E-003  1.844690000000000E-004
 -3.104070000000000E-003  4.614480000000000E-003  3.383840000000000E-003
 -2.690020000000000E-005 -1.072400000000000E-004
           1         206     1000000
           1           1           2           3           4           5
           6           7           8           9          10          11
          12          13          14          15          16          17
          18          19          20          21          22          23
          24          25          26          27          28          29
          30          31          32          33          34          35
          36          37          38          39          40          41
          42          43          44          45          46          47
          48          49          50          51          52          53
          54          55          56          57          58          59
          60          61          62          63          64          65
          66          67          68          69          70          71
          72          73          74          75          76          77
          78          79          80          81          82          83
          84          85          86          87          88          89
          90          91          92          93          94          95
          96          97          98          99         100         101
         102         103  4.342060000000000E-004 -3.745040000000000E-003
 -6.590900000000000E-004  6.080200000000000E-002 -6.148810000000000E-004
 -0.110326000000000      -0.157437000000000      -0.108919000000000     
 -1.783600000000000E-002  1.742190000000000E-003 -0.149397000000000     
  4.695160000000000E-003  7.406230000000000E-003 -1.934150000000000E-004
  1.640640000000000E-002  2.587970000000000E-002 -6.758520000000000E-004
  3.598280000000000E-002  5.676000000000000E-002 -1.482300000000000E-003
  7.284599999999999E-002  0.114909000000000      -3.000860000000000E-003
  0.106461000000000       0.167933000000000      -4.385600000000000E-003
  0.125876000000000       0.198558000000000      -5.185380000000000E-003
  0.118343000000000       0.186677000000000      -4.875090000000000E-003
  6.563769999999999E-002  0.103538000000000      -2.703910000000000E-003
  2.051250000000000E-002  3.235680000000000E-002 -8.450020000000000E-004
 -2.677430000000000E-002 -4.293260000000000E-002  1.120100000000000E-003
  6.382220000000000E-004  9.907390000000000E-004 -2.578160000000000E-005
 -3.833560000000000E-003 -1.888950000000000E-003  3.928680000000000E-003
 -2.193200000000000E-004 -1.080490000000000E-004 -9.455130000000001E-003
 -6.362630000000000E-003  1.366550000000000E-002 -5.923920000000000E-004
 -3.601920000000000E-004  1.164250000000000E-004 -1.172450000000000E-003
 -1.815300000000000E-003  6.628130000000001E-005 -3.481240000000000E-005
  5.827460000000000E-004 -5.823640000000000E-005  1.445100000000000E-003
  3.674960000000000E-003  9.837120000000000E-003  2.665020000000000E-002
  6.395330000000000E-002  0.122396000000000       0.132830000000000     
  4.088660000000000E-002 -9.812800000000001E-002 -6.439090000000000E-002
  2.608420000000000E-002  1.042070000000000E-002 -3.191380000000000E-004
  8.568400000000000E-003 -4.191750000000000E-003  8.248960000000000E-005
 -1.856300000000000E-003  1.601250000000000E-003 -4.159920000000000E-003
 -2.967210000000000E-005  9.068039999999999E-005  1.448410000000000E-003
  3.683370000000000E-003  9.859639999999999E-003  2.671120000000000E-002
  6.409970000000000E-002  0.122676000000000       0.133134000000000     
  4.098020000000000E-002 -9.713830000000000E-002 -6.400320000000000E-002
 -1.615460000000000E-003  2.791660000000000E-002 -6.825130000000000E-004
 -7.364270000000000E-003  5.819890000000000E-003 -1.254030000000000E-004
 -1.847320000000000E-003  2.183430000000000E-003 -3.841260000000000E-003
 -1.573700000000000E-005  8.148230000000000E-005
           1         206     1000000
           1           1           2           3           4           5
           6           7           8           9          10          11
          12          13          14          15          16          17
          18          19          20          21          22          23
          24          25          26          27          28          29
          30          31          32          33          34          35
          36          37          38          39          40          41
          42          43          44          45          46          47
          48          49          50          51          52          53
          54          55          56          57          58          59
          60          61          62          63          64          65
          66          67          68          69          70          71
          72          73          74          75          76          77
          78          79          80          81          82          83
          84          85          86          87          88          89
          90          91          92          93          94          95
          96          97          98          99         100         101
         102         103 -7.077700000000000E-012  6.104540000000001E-011
  1.074340000000000E-011 -9.910920000000000E-010  1.002280000000000E-011
  1.798340000000000E-009  2.566280000000000E-009  1.775420000000000E-009
  2.907330000000000E-010 -1.769130000000000E-008  1.192930000000000E-006
  2.414440000000000E-005  2.467960000000000E-004  1.003640000000000E-002
  8.436810000000000E-005  8.623840000000000E-004  3.507050000000000E-002
  1.850380000000000E-004  1.891400000000000E-003  7.691750000000000E-002
  3.746030000000000E-004  3.829080000000000E-003  0.155717000000000     
  5.474630000000000E-004  5.596000000000000E-003  0.227572000000000     
  6.473030000000000E-004  6.616520000000000E-003  0.269074000000000     
  6.085690000000000E-004  6.220590000000000E-003  0.252973000000000     
  3.375350000000000E-004  3.450180000000000E-003  0.140308000000000     
  1.054830000000000E-004  1.078220000000000E-003  4.384790000000000E-002
 -1.067410000000000E-004 -1.089790000000000E-003 -4.432930000000000E-002
  1.375360000000000E-004  1.404470000000000E-003  5.709040000000000E-002
 -2.048690000000000E-004 -1.047000000000000E-004  8.034150000000000E-005
  4.531100000000000E-003  2.823560000000000E-003 -7.195550000000000E-004
 -3.671130000000000E-004  2.853010000000000E-004  1.589900000000000E-002
  1.004660000000000E-002 -3.633620000000000E-003  1.002160000000000E-005
 -1.999320000000000E-004  4.117790000000000E-004 -8.491060000000000E-004
  2.678820000000000E-005  9.805739999999999E-006  5.227350000000000E-010
  1.329340000000000E-009  3.558380000000000E-009  9.640170000000000E-009
  2.313380000000000E-008  4.427430000000000E-008  4.804850000000000E-008
  1.478990000000000E-008  8.503300000000000E-008 -1.366540000000000E-006
  8.918160000000000E-005  9.154820000000000E-004  3.721380000000000E-002
  2.454300000000000E-005  2.507130000000000E-004  1.019410000000000E-002
  2.156720000000000E-004  1.363440000000000E-004  4.778690000000000E-005
 -5.300400000000000E-003  2.460040000000000E-003 -7.739560000000001E-010
 -1.968210000000000E-009 -5.268500000000000E-009 -1.427320000000000E-008
 -3.425170000000000E-008 -6.555210000000000E-008 -7.114010000000001E-008
 -2.189780000000000E-008  2.076770000000000E-007 -2.541560000000000E-007
  8.920089999999999E-005  9.122100000000000E-004  3.709350000000000E-002
  2.407900000000000E-005  2.459240000000000E-004  1.000170000000000E-002
  2.578580000000000E-005 -1.302580000000000E-005 -1.428740000000000E-004
 -3.755000000000000E-005 -5.805510000000000E-003
 #  Parameters atomic Jastrow wf 
           1           1          16
           1   1.68663300000000     
           1           1          16
           1  0.237997000000000     
           1           1          16
           1  0.125346000000000     
           3           1          36
           1   1.33181600000000     
           1           1          16
           2   1.87352900000000     
           1           1          16
           2  0.802465000000000     
           1           1          16
           2  0.147217000000000     
           1           1          16
           3   1.87352900000000     
           1           1          16
           3  0.802465000000000     
           1           1          16
           3  0.147217000000000     
           1           0         200
           1
 #  Occupation atomic orbitals  
           0
           0
           0
           0
           0
           0
           0
           0
           0
           0
           0
           0
           0
           0
           0
           0
           0
           0
           0
           0
           0
           0
           0
           0
           0
           0
           0
           0
           0
           0
           0
           0
           0
           0
           0
           0
           0
           0
           0
           0
           0
           0
           0
           0
           0
           0
           0
           0
           0
           0
           0
           0
           0
           0
           0
           0
           0
           1
           1
           1
           1
 #  Occupation atomic orbitals  Jastrow  
           1
           1
           1
           1
           1
           1
           1
           1
           1
           1
           1
           1
           1
  #          Nonzero values of  detmat 
           1           1   1.00000000000000     
           2           2   1.00000000000000     
           3           3   1.00000000000000     
           4           4   1.00000000000000     
 #   Grouped par.  in the chosen ordered basis
          -1           1           1
          -1           2           2
          -1           3           3
          -1           4           4
  #          Nonzero values of  jasmat 
           1           1  4.216375030618665E-002
           1           2 -0.210344770946062     
           1           3  0.692860535779137     
           1           4 -5.452385404088964E-004
           1           5  5.459347338501432E-003
           1           6  4.192276111740672E-003
           1          13 -4.626689246076808E-002
           2           2  -2.64777356982110     
           2           3  -1.05890136516881     
           2           4 -9.366441116618496E-003
           2           5 -7.555923799635531E-002
           2           6 -2.082643341215466E-002
           2          13   1.40312955878214     
           3           3  -10.6046597721901     
           3           4 -6.188922716039501E-003
           3           5  0.130189204435657     
           3           6  1.900839628345047E-002
           3          13  0.676846139398421     
           4           4  3.788297765404831E-002
           4           5  2.908760665743587E-003
           4           6  8.243048105734544E-004
           4          13  2.271022779347685E-003
           5           5  4.171489915394566E-002
           5           6  2.677068239446125E-003
           5          13 -3.107613933975747E-003
           6           6  3.471719007153225E-002
           6          13  2.817521498945787E-004
           7           7 -0.199099932999397     
           7           8  0.113996820606941     
           7           9 -0.305586604094052     
           7          13  2.634041476205510E-002
           8           8 -4.623726698857594E-002
           8           9  0.699031870289865     
           8          13 -5.915035014131573E-002
           9           9  -3.12815021673954     
           9          13  0.325337955289872     
          10          10 -0.199371235652489     
          10          11  7.013819005926340E-003
          10          12 -0.190044824827176     
          10          13  1.980911887519832E-002
          11          11  0.175948682231345     
          11          12  0.634605954279528     
          11          13 -5.584780406587105E-002
          12          12  -3.31568895338419     
          12          13  0.330087552921980     
          13          13  0.000000000000000E+000
 # Eq. par. in the 3-body Jastrow in the chosen basis 
           1           1           1
           1           1           2
           1           1           3
           1           1           4
           1           1           5
           1           1           6
           1           1          13
           1           2           2
           1           2           3
           1           2           4
           1           2           5
           1           2           6
           1           2          13
           1           3           3
           1           3           4
           1           3           5
           1           3           6
           1           3          13
           1           4           4
           1           4           5
           1           4           6
           1           4          13
           1           5           5
           1           5           6
           1           5          13
           1           6           6
           1           6          13
           1           7           7
           1           7           8
           1           7           9
           1           7          13
           1           8           8
           1           8           9
           1           8          13
           1           9           9
           1           9          13
           1          10          10
           1          10          11
           1          10          12
           1          10          13
           1          11          11
           1          11          12
           1          11          13
           1          12          12
           1          12          13
           1          13          13
 # Eq. par. in the atomic Det par.in the chosen basis 
           1           1
           1           2
           1           3
           1           4
           1           5
           1           6
           1           7
           1           8
           1           9
          -1          10
           1          11
           1          12
           1          13
           1          14
           1          15
           1          16
           1          17
           1          18
           1          19
           1          20
           1          21
           1          22
           1          23
           1          24
           1          25
           1          26
           1          27
           1          28
           1          29
          -1          30
           1          31
           1          32
           1          33
           1          34
           1          35
           1          36
           1          37
           1          38
           1          39
           1          40
           1          41
           1          42
           1          43
           2          44          65
           2          45          66
           2          46          67
           2          47          68
           2          48          69
           2          49          70
           2          50          71
           2          51          72
          -1          52
           1          53
           1          54
           1          55
           1          56
           1          57
           1          58
           1          59
           2          60          81
           2          61          82
           2          62          83
           2          63          84
           2          64          85
          -1          73
           1          74
           1          75
           1          76
           1          77
           1          78
           1          79
           1          80
 # Eq. par. in the atomic 3-body  par. in the chosen basis 
           1           1
           1           2
           1           3
           1           4
           2           5           8
           2           6           9
           2           7          10
